01 01 01 00 00 00 00 01 01 00 01 00 00 01 00 00 01 01 00 00 00 00 00 00 00 00 00 00 00 00 00 01 00 00 01
03 03 02 00 00 00 00 03 03 00 03 00 00 03 00 00 03 03 00 00 00 00 00 00 00 00 00 00 00 00 00 03 00 00 03
00 00 04 00 00 00 00 00 00 00 00 00 00 00 00 00 00 00 00 00 00 00 00 00 00 00 00 00 00 00 00 00 00 00 11
00 00 00 00 06 00 00 05 05 00 00 00 00 00 00 00 00 00 00 00 00 00 00 00 00 00 00 00 00 00 00 00 00 00 00
00 00 00 00 08 00 07 00 00 00 00 00 00 00 00 00 00 00 00 00 00 00 00 00 00 00 00 00 00 00 00 00 00 00 00
00 00 00 00 00 00 00 00 00 00 00 00 00 00 00 00 00 00 00 00 00 00 00 00 00 00 00 00 00 00 00 09 00 00 00
11 11 00 00 00 11 00 10 10 00 11 00 00 11 00 00 11 11 00 00 00 00 00 00 00 00 00 00 00 00 00 11 00 00 00
00 00 00 00 00 00 00 12 12 00 00 00 00 00 00 00 00 00 00 00 00 00 00 00 00 00 00 00 00 00 00 00 00 00 00
00 00 00 00 00 00 00 13 14 00 00 00 00 00 00 00 00 00 00 00 00 00 00 00 00 00 00 00 00 00 00 00 00 00 00
00 00 00 00 00 00 00 00 00 00 00 00 00 00 00 00 00 00 00 00 00 00 00 00 00 00 00 00 00 00 00 15 00 00 00
00 17 00 00 00 00 16 00 00 00 00 00 00 00 00 00 00 00 00 00 00 00 00 00 00 00 00 00 00 00 00 00 00 00 00
19 19 00 00 00 19 00 00 00 00 18 00 19 18 00 19 18 18 18 00 00 00 00 00 00 00 00 00 00 00 00 18 00 00 00
00 25 00 00 00 00 00 00 00 00 21 00 00 22 00 00 23 24 00 00 00 00 00 00 00 00 00 00 00 00 00 20 00 00 00
00 00 00 00 00 00 00 00 00 00 00 00 27 00 00 00 00 00 26 00 00 00 00 00 00 00 00 00 00 00 00 00 00 00 00
00 00 00 28 00 00 00 00 00 00 00 00 00 00 00 00 00 00 00 29 00 28 00 00 00 00 00 00 00 00 00 28 00 28 00
00 34 00 00 34 00 34 00 00 33 00 34 00 00 34 00 00 00 00 29 30 31 32 00 00 00 00 33 33 00 33 00 00 00 00
00 00 00 34 00 00 00 00 00 00 00 00 00 00 00 00 00 00 00 00 00 35 00 00 00 00 00 00 00 00 00 35 00 35 00
00 40 00 00 40 00 40 00 00 40 00 40 00 00 40 00 00 00 00 00 40 40 40 36 37 38 39 40 40 00 39 00 00 00 00
00 00 00 43 00 00 00 00 00 00 00 00 00 00 00 00 00 00 00 00 00 42 00 00 00 00 00 00 00 00 00 41 00 42 00
00 45 00 44 45 00 45 00 00 45 00 45 00 00 45 00 00 00 00 00 45 45 45 45 45 45 45 45 45 00 44 00 00 00 00
00 00 00 46 47 00 00 00 00 00 00 00 00 00 00 00 00 00 00 46 00 46 00 00 00 00 00 00 00 00 00 46 00 46 00
00 00 00 00 49 00 48 00 00 00 00 00 00 00 00 00 00 00 00 00 00 00 00 00 00 00 00 00 00 00 00 00 00 00 00
00 00 00 00 00 00 00 00 00 52 00 00 00 00 00 00 00 00 00 00 00 00 00 00 00 00 00 50 51 00 00 00 00 00 00
00 00 00 00 00 00 00 00 00 54 00 00 00 00 00 00 00 00 00 00 00 00 00 00 00 00 00 55 00 00 00 53 00 53 00
00 00 00 00 00 00 00 00 00 57 00 00 00 00 00 00 00 00 00 00 00 00 00 00 00 00 00 00 00 00 00 56 00 56 00
00 00 00 00 00 00 00 00 00 00 00 00 00 00 00 00 00 00 00 00 00 00 00 00 00 00 00 00 00 00 00 58 00 00 00
00 59 00 00 59 00 59 00 00 59 00 00 00 00 00 00 00 00 00 00 00 00 00 00 00 00 00 00 00 60 00 00 00 00 00
00 00 00 00 00 00 00 00 00 00 00 00 00 00 00 00 00 00 00 00 00 00 00 00 00 00 00 00 00 00 00 61 00 00 00
00 00 00 00 00 00 00 00 00 00 00 00 00 00 00 00 00 00 00 00 00 62 00 00 00 00 00 00 00 00 00 00 00 62 00
63 64 00 00 64 00 64 00 00 64 00 64 00 00 64 00 00 00 00 00 64 64 64 64 64 64 64 64 64 00 63 00 00 00 00
00 66 00 00 66 00 66 00 00 66 00 66 00 00 66 00 00 00 00 00 66 66 66 66 66 66 66 66 66 00 65 00 65 00 00
00 00 00 00 00 00 00 00 00 00 00 00 00 00 00 00 00 00 00 00 00 68 00 00 00 00 00 00 00 00 00 00 00 67 00